1 0.360138911 0.348830558 0.35360407 0.337523845 0.292244782 0.414963358
0.360138911 1 0.406676202 0.369620003 0.412072176 0.453950477 0.285289528
0.348830558 0.406676202 1 0.449461575 0.389934516 0.450934816 0.447988333
0.35360407 0.369620003 0.449461575 1 0.342557719 0.534984659 0.534984659
0.337523845 0.412072176 0.389934516 0.342557719 1 0.412126351 0.272989087
0.292244782 0.453950477 0.450934816 0.534984659 0.412126351 1 0.269969307
0.414963358 0.285289528 0.447988333 0.534984659 0.272989087 0.269969307 1